//recoil spectrum for detector SILICON_high
//WIMP sim. pars: Mx = 50 GeV, spin = 0.5
//           C1p = 0, C2p = 0, C3p = 0, C4p = 0, C5p = 0, C6p = 10, C7p = 0, C8p = 0, C9p = 0, C10p = 0, C11p = 0, C12p = 0, C13p = 0, C14p = 0, C15p = 0, 
//           C1n = 0, C2n = 0, C3n = 0, C4n = 0, C5n = 0, C6n = 0, C7n = 0, C8n = 0, C9n = 0, C10n = 0, C11n = 0, C12n = 0, C13n = 0, C14n = 0, C15n = 0, 
//Astrophysical parameters: rho = 0.3 GeV/cm^3, v0 = 220 km/s, vesc = 544 km/s
//Er(keV)         WIMP-rate         Bg-rate           total-rate (/keV/t/year)
2.57500000e+01    2.40308699e-07    1.19959886e-04    1.20200195e-04
2.65000000e+01    2.45267346e-07    1.19892468e-04    1.20137735e-04
2.72500000e+01    2.49883203e-07    1.18255559e-04    1.18505442e-04
2.80000000e+01    2.54155720e-07    1.16735893e-04    1.16990049e-04
2.87500000e+01    2.58085484e-07    1.15279980e-04    1.15538065e-04
2.95000000e+01    2.61674134e-07    1.13906468e-04    1.14168142e-04
3.02500000e+01    2.64924278e-07    1.12601821e-04    1.12866745e-04
3.10000000e+01    2.67839412e-07    1.11352301e-04    1.11620140e-04
3.17500000e+01    2.70423840e-07    1.10140782e-04    1.10411206e-04
3.25000000e+01    2.72682604e-07    1.08990323e-04    1.09263006e-04
3.32500000e+01    2.74621411e-07    1.07893620e-04    1.08168242e-04
3.40000000e+01    2.76246571e-07    1.06831604e-04    1.07107851e-04
3.47500000e+01    2.77564926e-07    1.05795633e-04    1.06073198e-04
3.55000000e+01    2.78583799e-07    1.04793271e-04    1.05071855e-04
3.62500000e+01    2.79310929e-07    1.03825105e-04    1.04104416e-04
3.70000000e+01    2.79754424e-07    1.02892299e-04    1.03172053e-04
3.77500000e+01    2.79922706e-07    1.01983245e-04    1.02263168e-04
3.85000000e+01    2.79824465e-07    1.01098277e-04    1.01378101e-04
3.92500000e+01    2.79468615e-07    1.00215822e-04    1.00495290e-04
4.00000000e+01    2.78864252e-07    9.93513575e-05    9.96302217e-05
4.07500000e+01    2.78020613e-07    9.85123155e-05    9.87903362e-05
4.15000000e+01    2.76947042e-07    9.76863254e-05    9.79632724e-05
4.22500000e+01    2.75652955e-07    9.68813716e-05    9.71570245e-05
4.30000000e+01    2.74147808e-07    9.60914719e-05    9.63656197e-05
4.37500000e+01    2.72441067e-07    9.53206295e-05    9.55930706e-05
4.45000000e+01    2.70542183e-07    9.45594762e-05    9.48300184e-05
4.52500000e+01    2.68460566e-07    9.38208437e-05    9.40893043e-05
4.60000000e+01    2.66205561e-07    9.30921458e-05    9.33583513e-05
4.67500000e+01    2.63786431e-07    9.23757082e-05    9.26394947e-05
4.75000000e+01    2.61212331e-07    9.16716438e-05    9.19328562e-05
4.82500000e+01    2.58492297e-07    9.09741862e-05    9.12326785e-05
4.90000000e+01    2.55635227e-07    9.02890918e-05    9.05447270e-05
4.97500000e+01    2.52649868e-07    8.96156636e-05    8.98683135e-05
5.05000000e+01    2.49544804e-07    8.89524957e-05    8.92020405e-05
5.12500000e+01    2.46328441e-07    8.82929848e-05    8.85393133e-05
5.20000000e+01    2.43009003e-07    8.76453994e-05    8.78884084e-05
5.27500000e+01    2.39594519e-07    8.70265210e-05    8.72661155e-05
5.35000000e+01    2.36092814e-07    8.64245537e-05    8.66606465e-05
5.42500000e+01    2.32511510e-07    8.58235234e-05    8.60560349e-05
5.50000000e+01    2.28858013e-07    8.52373375e-05    8.54661955e-05
5.57500000e+01    2.25139512e-07    8.46537087e-05    8.48788482e-05
5.65000000e+01    2.21362974e-07    8.40743510e-05    8.42957140e-05
5.72500000e+01    2.17535146e-07    8.35033665e-05    8.37209016e-05
5.80000000e+01    2.13662544e-07    8.29403019e-05    8.31539645e-05
5.87500000e+01    2.09751463e-07    8.23690512e-05    8.25788026e-05
5.95000000e+01    2.05807967e-07    8.18026908e-05    8.20084987e-05
6.02500000e+01    2.01837894e-07    8.12497855e-05    8.14516234e-05
6.10000000e+01    1.97846858e-07    8.07143047e-05    8.09121516e-05
6.17500000e+01    1.93840245e-07    8.01844298e-05    8.03782701e-05
6.25000000e+01    1.89823219e-07    7.96525774e-05    7.98424006e-05
6.32500000e+01    1.85800723e-07    7.91328467e-05    7.93186474e-05
6.40000000e+01    1.81777483e-07    7.86168721e-05    7.87986495e-05
6.47500000e+01    1.77758006e-07    7.81113643e-05    7.82891223e-05
6.55000000e+01    1.73746591e-07    7.76088190e-05    7.77825656e-05
6.62500000e+01    1.69747324e-07    7.71099843e-05    7.72797316e-05
6.70000000e+01    1.65764090e-07    7.66168176e-05    7.67825817e-05
6.77500000e+01    1.61800570e-07    7.61302409e-05    7.62920414e-05
6.85000000e+01    1.57860251e-07    7.56529643e-05    7.58108246e-05
6.92500000e+01    1.53946425e-07    7.51741309e-05    7.53280773e-05
7.00000000e+01    1.50062198e-07    7.46986190e-05    7.48486812e-05
7.07500000e+01    1.46210493e-07    7.42318728e-05    7.43780833e-05
7.15000000e+01    1.42394054e-07    7.37676226e-05    7.39100166e-05
7.22500000e+01    1.38615453e-07    7.33057913e-05    7.34444067e-05
7.30000000e+01    1.34877092e-07    7.28527869e-05    7.29876639e-05
7.37500000e+01    1.31181210e-07    7.24059535e-05    7.25371347e-05
7.45000000e+01    1.27529888e-07    7.19621014e-05    7.20896313e-05
7.52500000e+01    1.23925053e-07    7.15105257e-05    7.16344507e-05
7.60000000e+01    1.20368485e-07    7.10755286e-05    7.11958971e-05
7.67500000e+01    1.16861818e-07    7.06467382e-05    7.07636000e-05
7.75000000e+01    1.13406550e-07    7.02226619e-05    7.03360685e-05
7.82500000e+01    1.10004045e-07    6.98068162e-05    6.99168203e-05
7.90000000e+01    1.06655537e-07    6.93987436e-05    6.95053991e-05
7.97500000e+01    1.03362139e-07    6.89954011e-05    6.90987633e-05
8.05000000e+01    1.00124842e-07    6.85941390e-05    6.86942639e-05
8.12500000e+01    9.69445267e-08    6.82010875e-05    6.82980320e-05
8.20000000e+01    9.38219607e-08    6.78103176e-05    6.79041396e-05
8.27500000e+01    9.07578087e-08    6.74213361e-05    6.75120939e-05
8.35000000e+01    8.77526345e-08    6.70355592e-05    6.71233118e-05
8.42500000e+01    8.48069062e-08    6.66510668e-05    6.67358737e-05
8.50000000e+01    8.19210000e-08    6.62709897e-05    6.63529107e-05
8.57500000e+01    7.90952047e-08    6.58927577e-05    6.59718529e-05
8.65000000e+01    7.63297260e-08    6.55192879e-05    6.55956176e-05
8.72500000e+01    7.36246901e-08    6.51530479e-05    6.52266726e-05
8.80000000e+01    7.09801479e-08    6.47870986e-05    6.48580787e-05
8.87500000e+01    6.83960787e-08    6.44248186e-05    6.44932147e-05
8.95000000e+01    6.58723940e-08    6.40636609e-05    6.41295333e-05
9.02500000e+01    6.34089410e-08    6.37055766e-05    6.37689855e-05
9.10000000e+01    6.10055062e-08    6.33515764e-05    6.34125819e-05
9.17500000e+01    5.86618185e-08    6.30010723e-05    6.30597342e-05
9.25000000e+01    5.63775529e-08    6.26567629e-05    6.27131405e-05
9.32500000e+01    5.41523332e-08    6.23087938e-05    6.23629461e-05
9.40000000e+01    5.19857356e-08    6.19624573e-05    6.20144430e-05
9.47500000e+01    4.98772910e-08    6.16224636e-05    6.16723409e-05
9.55000000e+01    4.78264885e-08    6.12882694e-05    6.13360958e-05
9.62500000e+01    4.58327776e-08    6.09550139e-05    6.10008467e-05
9.70000000e+01    4.38955712e-08    6.06210512e-05    6.06649468e-05
9.77500000e+01    4.20142481e-08    6.02939599e-05    6.03359742e-05
9.85000000e+01    4.01881552e-08    5.99684395e-05    6.00086276e-05
9.92500000e+01    3.84166100e-08    5.96448415e-05    5.96832581e-05
