//recoil spectrum for detector XENON_high
//WIMP sim. pars: Mx = 100 GeV, spin = 0.5
//           C1p = 0.0001, C2p = 0, C3p = 0, C4p = 0, C5p = 0, C6p = 0, C7p = 0, C8p = 0, C9p = 0, C10p = 0, C11p = 0, C12p = 0, C13p = 0, C14p = 0, C15p = 0, 
//           C1n = 0.0001, C2n = 0, C3n = 0, C4n = 0, C5n = 0, C6n = 0, C7n = 0, C8n = 0, C9n = 0, C10n = 0, C11n = 0, C12n = 0, C13n = 0, C14n = 0, C15n = 0, 
//Astrophysical parameters: rho = 0.3 GeV/cm^3, v0 = 220 km/s, vesc = 544 km/s
//Er(keV)         WIMP-rate         Bg-rate           total-rate (/keV/t/year)
1.99000000e+00    4.56079663e+00    1.99997705e+01    2.45605671e+01
2.98000000e+00    4.26190576e+00    4.13149416e-01    4.67505517e+00
3.97000000e+00    3.98117460e+00    2.47548040e-02    4.00592940e+00
4.96000000e+00    3.71759237e+00    5.49670556e-03    3.72308907e+00
5.95000000e+00    3.47019841e+00    3.08411768e-03    3.47328253e+00
6.94000000e+00    3.23808014e+00    2.79055262e-03    3.24087069e+00
7.93000000e+00    3.02037102e+00    2.55404873e-03    3.02292507e+00
8.92000000e+00    2.81624864e+00    2.35077098e-03    2.81859941e+00
9.91000000e+00    2.62493280e+00    2.17157755e-03    2.62710438e+00
1.09000000e+01    2.44568368e+00    2.01083897e-03    2.44769452e+00
1.18900000e+01    2.27780004e+00    1.86748992e-03    2.27966753e+00
1.28800000e+01    2.12061751e+00    1.73595478e-03    2.12235346e+00
1.38700000e+01    1.97350689e+00    1.61592933e-03    1.97512282e+00
1.48600000e+01    1.83587258e+00    1.50539104e-03    1.83737797e+00
1.58500000e+01    1.70715097e+00    1.40326928e-03    1.70855423e+00
1.68400000e+01    1.58680893e+00    1.30912716e-03    1.58811806e+00
1.78300000e+01    1.47434244e+00    1.22296296e-03    1.47556540e+00
1.88200000e+01    1.36927509e+00    1.14275186e-03    1.37041784e+00
1.98100000e+01    1.27115682e+00    1.06815963e-03    1.27222498e+00
2.08000000e+01    1.17956258e+00    9.98578510e-04    1.18056116e+00
2.17900000e+01    1.09409112e+00    9.33771484e-04    1.09502489e+00
2.27800000e+01    1.01436379e+00    8.73269183e-04    1.01523706e+00
2.37700000e+01    9.40023426e-01    8.16822610e-04    9.40840249e-01
2.47600000e+01    8.70733210e-01    7.64049675e-04    8.71497260e-01
2.57500000e+01    8.06175677e-01    7.14630941e-04    8.06890308e-01
2.67400000e+01    7.46051692e-01    6.67898141e-04    7.46719590e-01
2.77300000e+01    6.90079501e-01    6.24072017e-04    6.90703573e-01
2.87200000e+01    6.37993820e-01    5.83056396e-04    6.38576876e-01
2.97100000e+01    5.89544961e-01    5.45089173e-04    5.90090051e-01
3.07000000e+01    5.44498008e-01    5.09473108e-04    5.45007481e-01
3.16900000e+01    5.02632018e-01    4.76013009e-04    5.03108031e-01
3.26800000e+01    4.63739267e-01    4.44586425e-04    4.64183853e-01
3.36700000e+01    4.27624536e-01    4.15100379e-04    4.28039636e-01
3.46600000e+01    3.94104420e-01    3.87359805e-04    3.94491780e-01
3.56500000e+01    3.63006678e-01    3.61369795e-04    3.63368048e-01
3.66400000e+01    3.34169615e-01    3.37770110e-04    3.34507385e-01
3.76300000e+01    3.07441489e-01    3.14788154e-04    3.07756277e-01
3.86200000e+01    2.82679952e-01    2.93225410e-04    2.82973178e-01
3.96100000e+01    2.59751522e-01    2.72984128e-04    2.60024507e-01
4.06000000e+01    2.38531071e-01    2.53844433e-04    2.38784916e-01
4.15900000e+01    2.18901350e-01    2.35944107e-04    2.19137294e-01
4.25800000e+01    2.00752533e-01    2.19135861e-04    2.00971669e-01
4.35700000e+01    1.83981787e-01    2.03446576e-04    1.84185234e-01
4.45600000e+01    1.68492863e-01    1.88720757e-04    1.68681583e-01
4.55500000e+01    1.54195707e-01    1.74876132e-04    1.54370583e-01
4.65400000e+01    1.41006097e-01    1.61964802e-04    1.41168061e-01
4.75300000e+01    1.28845294e-01    1.49952963e-04    1.28995247e-01
4.85200000e+01    1.17639715e-01    1.38705176e-04    1.17778420e-01
4.95100000e+01    1.07320622e-01    1.28234544e-04    1.07448856e-01
5.05000000e+01    9.78238280e-02    1.18421658e-04    9.79422496e-02
5.14900000e+01    8.90894220e-02    1.09237537e-04    8.91986596e-02
5.24800000e+01    8.10615053e-02    1.00687593e-04    8.11621929e-02
5.34700000e+01    7.36879450e-02    9.26846027e-05    7.37806296e-02
5.44600000e+01    6.69201406e-02    8.52144079e-05    6.70053550e-02
5.54500000e+01    6.07127993e-02    7.82735212e-05    6.07910728e-02
5.64400000e+01    5.50237270e-02    7.18058446e-05    5.50955328e-02
5.74300000e+01    4.98136424e-02    6.57695175e-05    4.98794119e-02
5.84200000e+01    4.50459929e-02    6.01673142e-05    4.51061602e-02
5.94100000e+01    4.06867793e-02    5.49561760e-05    4.07417355e-02
6.04000000e+01    3.67043922e-02    5.01094826e-05    3.67545017e-02
6.13900000e+01    3.30694571e-02    4.56125110e-05    3.31150696e-02
6.23800000e+01    2.97546890e-02    4.14368281e-05    2.97961258e-02
6.33700000e+01    2.67347557e-02    3.75767677e-05    2.67723325e-02
6.43600000e+01    2.39861499e-02    3.40004042e-05    2.40201503e-02
6.53500000e+01    2.14870677e-02    3.07026946e-05    2.15177704e-02
6.63400000e+01    1.92172960e-02    2.76559870e-05    1.92449520e-02
6.73300000e+01    1.71581060e-02    2.48478211e-05    1.71829538e-02
6.83200000e+01    1.52921530e-02    2.22661209e-05    1.53144192e-02
6.93100000e+01    1.36033834e-02    1.98917938e-05    1.36232752e-02
7.03000000e+01    1.20769462e-02    1.77195243e-05    1.20946658e-02
7.12900000e+01    1.06991112e-02    1.57246908e-05    1.07148359e-02
7.22800000e+01    9.45719143e-03    1.39067600e-05    9.47109819e-03
7.32700000e+01    8.33947127e-03    1.22450839e-05    8.35171636e-03
7.42600000e+01    7.33513849e-03    1.07344802e-05    7.34587297e-03
7.52500000e+01    6.43422101e-03    9.36420176e-06    6.44358521e-03
7.62400000e+01    5.62752756e-03    8.12266501e-06    5.63565023e-03
7.72300000e+01    4.90659230e-03    7.00293652e-06    4.91359524e-03
7.82200000e+01    4.26362293e-03    5.99664445e-06    4.26961957e-03
7.92100000e+01    3.69145224e-03    5.09502680e-06    3.69654727e-03
8.02000000e+01    3.18349288e-03    4.29007879e-06    3.18778296e-03
8.11900000e+01    2.73369503e-03    3.57733059e-06    2.73727236e-03
8.21800000e+01    2.33650700e-03    2.94770750e-06    2.33945471e-03
8.31700000e+01    1.98683839e-03    2.39569503e-06    1.98923408e-03
8.41600000e+01    1.68002573e-03    1.91522045e-06    1.68194095e-03
8.51500000e+01    1.41180053e-03    1.50162277e-06    1.41330215e-03
8.61400000e+01    1.17825938e-03    1.14836906e-06    1.17940775e-03
8.71300000e+01    9.75836223e-04    8.52094954e-07    9.76688318e-04
8.81200000e+01    8.01276458e-04    6.07390034e-07    8.01883848e-04
8.91100000e+01    6.51612887e-04    4.10068232e-07    6.52022955e-04
9.01000000e+01    5.24143322e-04    2.56057181e-07    5.24399379e-04
9.10900000e+01    4.16409776e-04    1.41455844e-07    4.16551232e-04
9.20800000e+01    3.26179123e-04    6.28182115e-08    3.26241942e-04
9.30700000e+01    2.51425143e-04    1.67635639e-08    2.51441907e-04
9.40600000e+01    1.90311846e-04    1.80647349e-10    1.90312026e-04
9.50500000e+01    1.41178008e-04    1.01607848e-08    1.41188169e-04
9.60400000e+01    1.02522835e-04    4.39831043e-08    1.02566818e-04
9.70300000e+01    7.29926660e-05    9.91072327e-08    7.30917733e-05
9.80200000e+01    5.13686691e-05    1.73190793e-07    5.15418598e-05
9.90100000e+01    3.65554463e-05    2.64061115e-07    3.68195074e-05
